Kinect:
  intrinsic_matrix:
  - [606.3894043, 0.0, 640.44580078]
  - [0.0, 606.2288208, 363.59103394]
  - [0.0, 0.0, 1.0]
  factor_depth: 1000.0
  width: 1280
  height: 720
  handeye_calibration:
    rotation:
    # - [-0.0056946269366040525,-0.6851623615259432,0.7283681140551428]
    # - [-0.9995481540083244,-0.01759743446591422,-0.024368383589576936]
    # - [0.02951370940095155,-0.7281777726959334,-0.684752562834916]  
    - [-0.01272841915529832,-0.6873537667718024,0.7262112548359614]
    - [-0.999858011141556, 0.0007283486215854396, -0.016835292226067777]
    - [0.011042866559852094, -0.7263224275849536, -0.6872654409216581]
    translation:
    - 0.04689507078142502  # -0.06
    - 0.25322672555509933  # +0.01
    # - 0.6509479413385416 # object orientation task
    - 0.6609479413385416  # +0.032

RealSense:
  intrinsic_matrix:
  - [641.2626953125, 0.0, 631.989501953125]
  - [0.0, 640.4525146484375, 351.1443176269531]
  - [0.0, 0.0, 1.0]
  factor_depth: 10000.0
  width: 1280
  height: 720
  handeye_calibration:
    rotation:
    # - [0.9999204838854301, -0.01083839631415079, 0.006446322336387696]
    # - [0.009626550002032499, 0.9862485381824668, 0.1649883343391449]
    # - [-0.008145884935694616, -0.16491315926354844, 0.9862744518947704]
    - [0.99998690241857,0.003673259805214652,-0.003564008097135985]
    - [-0.0030486805765194535,0.9868367663005618,0.1616907610972026]
    - [0.0041110263992596135,-0.16167777781703235,0.9868350397214779]
    translation:
    # - -0.007929418818584721
    # - -0.0867570342749247 # -0.01
    # - -0.14500343484683488
    - -0.005790935563389012 # +0.003
    - -0.0655955070334679  #  + 0.00
    - -0.14531104853233236 # - 0.20(tcp offset) + 0.04= -0.12531104853233236

FemtoBolt:
  intrinsic_matrix:
  - [748.744629, 0.0, 633.797485]
  - [0.0, 748.042175, 353.433716]
  - [0.0, 0.0, 1.0]
  factor_depth: 1000.0
  width: 1280
  height: 720
  handeye_calibration:
    rotation:
    - [ 0.98432555,  0.02171843,  0.17501862]
    - [ 0.0014139,  -0.99332829,  0.11531227]
    - [ 0.17635534, -0.11325735, -0.97778912]
    translation:
    - -0.41669105 # -0.01
    - 0.91908734  # 
    - 0.32525328  # +0.01

Gemini305:
  intrinsic_matrix:
  - [641.2626953125, 0.0, 631.989501953125]
  - [0.0, 640.4525146484375, 351.1443176269531]
  - [0.0, 0.0, 1.0]
  factor_depth: 10000.0
  width: 1280
  height: 720
  handeye_calibration:
    rotation:
    - [0.99998690241857,0.003673259805214652,-0.003564008097135985]
    - [-0.0030486805765194535,0.9868367663005618,0.1616907610972026]
    - [0.0041110263992596135,-0.16167777781703235,0.9868350397214779]


# video profile: <VideoStreamProfile: 1280x720@30>
# color intrinsics: <OBCameraIntrinsic fx=748.744629 fy=748.042175 cx=633.797485 cy=353.433716 width=1280 height=720>